t=(0:1:100)';
u= t>=1;

k1=50;
k2=300;
m1=500;
m2=50;
b=50;
