t=(0:1:100)';
u= t>=0;

k1=50;
k2=500;
m1=100;
m2=50;
b=50;
